1,0,2,7
2,0,4,23
3,1,6,5
4,1,7,19
5,2,4,6
6,2,19,50
7,2,9,10
8,2,12,0
9,2,10,3
10,3,2,8
11,3,14,47
12,4,13,10
13,4,14,33
14,4,1,9
15,5,12,6
16,5,21,55
17,5,10,7
18,6,11,41
19,6,14,13
20,6,12,8
21,6,10,10
22,7,9,13
23,7,10,8
24,7,15,14
25,7,13,21
26,7,14,6
27,8,8,44
28,8,4,10
29,9,4,49
30,9,5,5
31,9,7,6
32,9,5,8
33,10,12,5
34,10,21,3
35,10,4,17
36,10,12,1
37,11,3,1
38,11,4,40
39,12,5,2
40,12,6,39
41,13,7,3
42,13,8,38
43,14,9,4
44,14,10,37
45,15,11,5
46,15,12,36
47,16,13,6
48,16,14,35
49,16,15,41
50,17,2,7
51,17,3,34
52,17,5,42
53,18,7,8
54,18,11,33
55,18,13,43
56,19,18,9
57,19,9,32
58,19,12,44
59,20,3,10
60,20,13,31
61,20,19,45
62,21,5,11
63,21,6,30
64,21,7,46
65,22,8,12
66,22,9,29
67,22,10,47
68,23,11,13
69,23,8,28
70,23,5,48
71,24,9,14
72,24,4,27
73,24,2,49
74,25,4,15
75,25,8,26
76,25,16,50
77,26,3,16
78,26,1,25
79,27,2,17
80,27,3,24
81,28,4,18
82,28,5,23
83,29,2,30
84,29,14,42
85,30,2,48
86,30,8,51
87,31,7,1
88,31,6,20
89,31,15,21
90,32,2,2
91,32,13,19
92,32,3,22
93,33,5,3
94,33,6,18
95,33,9,23
96,34,3,4
97,34,12,17
98,34,4,24
99,35,5,5
100,35,17,16
101,35,18,25
102,36,19,6
103,36,6,15
104,36,9,26
105,37,8,7
106,37,6,14
107,37,16,27
108,38,2,41
109,38,3,33
110,38,19,12
111,39,18,9
112,39,17,12
113,39,2,29
114,40,17,10
115,40,5,11
116,40,7,30
117,41,8,10
118,41,7,22
119,41,5,31
120,42,4,9
121,42,3,23
122,42,4,32
123,43,5,8
124,43,9,24
125,43,2,33
126,44,13,7
127,44,7,25
128,44,11,34
129,45,15,6
130,45,9,26
131,45,4,35
132,46,15,5
133,46,13,27
134,46,17,36
135,47,7,4
136,47,8,28
137,47,10,37
138,48,11,3
139,48,8,29
140,48,3,38
141,49,6,2
142,49,8,30
143,49,12,39
144,50,7,1
145,50,12,31
146,50,2,40
147,51,9,41
148,51,4,31
149,51,12,11
150,52,11,36
151,52,10,26
152,52,8,46
153,53,7,8
154,53,5,48
155,53,9,50
156,54,13,44
157,54,18,33
158,54,1,22
159,55,9,39
160,55,3,47
